Accuracy: 0.8655913978494624 
MAE: 0.25796153564606944
MSE: 0.13743369298257818
Test Loss: 0.6872959733009338
